# oST version 5.0 parameters


[image]

width
1280

height
720

[camera]

camera matrix
756.270449 0.000000 638.969760
0.000000 750.533706 346.771287
0.000000 0.000000 1.000000

distortion
-0.256484 0.079342 0.001146 0.000409 0.000000

rectification
1.000000 0.000000 0.000000
0.000000 1.000000 0.000000
0.000000 0.000000 1.000000

projection
617.136108 0.000000 639.951937 0.000000
0.000000 704.228516 345.739785 0.000000
0.000000 0.000000 1.000000 0.000000

