# oST version 5.0 parameters

[image]

width
1280

height
720

[camera]

camera matrix
785.197556 0.000000 641.665168
0.000000 778.719590 345.137547
0.000000 0.000000 1.000000

distortion
-0.255630 0.078225 -0.001735 -0.000903 0.000000

rectification
1.000000 0.000000 0.000000
0.000000 1.000000 0.000000
0.000000 0.000000 1.000000

projection
647.746033 0.000000 639.469646 0.000000
0.000000 733.887268 342.187976 0.000000
0.000000 0.000000 1.000000 0.000000
