# oST version 5.0 parameters

[image]

width
1920

height
1080

[camera]

camera matrix
1238.1582954109685 0 1195.0967361907915
0 1242.7576811300064 494.0697865692986
0.000000 0.000000 1.000000

distortion
-0.3706417159348027 0.34737332750774713 0.00022605487954428688 -0.0022777599281156202 0.0
rectification
1.000000 0.000000 0.000000
0.000000 1.000000 0.000000
0.000000 0.000000 1.000000

projection
1214.5814208984375, 0.0, 1133.7418132884704, 0.0, 0.0, 1268.843017578125, 500.22941726593854, 0.0, 0.0, 0.0, 1.0, 0.0