camHeight: 720
camWidth: 1280
distortion: "plumb_bob"
distortionMat: [-0.2556296, 0.078224785, -0.0017347093, -0.000903017, 0.0]
rawIntrins:  [785.1975558973809, 0.0, 641.665167981047, 0.0, 778.719590181534, 345.13754650704027, 0.0, 0.0, 1.0]
rectification: [1.0, 0.0, 0.0, 0.0, 1.0, 0.0, 0.0, 0.0, 1.0]
projection: [647.7460327148438, 0.0, 639.4696460933119, 0.0, 0.0, 733.8872680664062, 342.18797592648116, 0.0, 0.0, 0.0, 1.0, 0.0]


T: [-0.0879939,-0.99509,  -0.045303, 0.209992,
-0.0187545, -0.0438164,   0.998864, 1.66089,
 -0.995944,  0.0887435, -0.0148069, -1.40547,
  0,         0,          0,          1]