camHeight: 1080
camWidth: 1920
distortion: "plumb_bob"
distorionMat: [-0.3706417159348027, 0.34737332750774713, 0.00022605487954428688, -0.0022777599281156202, 0.0]
rawIntrins: [1238.1582954109685, 0.0, 1195.0967361907915, 0.0, 1242.7576811300064, 494.0697865692986, 0.0, 0.0, 1.0]
rectification: [1.0, 0.0, 0.0, 0.0, 1.0, 0.0, 0.0, 0.0, 1.0]
projection: [1214.5814208984375, 0.0, 1133.7418132884704, 0.0, 0.0, 1268.843017578125, 500.22941726593854, 0.0, 0.0, 0.0, 1.0, 0.0]
T: [0.997962,-0.042636,0.0474666,-0.454237,-0.0355883,-0.989438,-0.140518,-0.201304,0.0529564,0.138543,-0.98894,3.79997,0,0,0,1]
