camHeight: 720
camWidth: 1280
distortion: "plumb_bob"
distortionMat: [-0.14680371681047283, 0.027963998834770222, 0.008521109802273918, -0.010453774962773714, 0.0]
rawIntrins: [361.65174334518895, 0.0, 310.3595531002909, 0.0, 360.07386612126544, 215.25063982244964, 0.0, 0.0, 1.0]
rectification: [1.0, 0.0, 0.0, 0.0, 1.0, 0.0, 0.0, 0.0, 1.0]
projection: [315.80902099609375, 0.0, 293.2895130890938, 0.0, 0.0, 336.4270935058594, 217.09793776936203, 0.0, 0.0, 0.0, 1.0, 0.0]
