camHeight: 720
camWidth: 1280
distortion: "plumb-bob"
distortionMat: [-0.246613, 0.059209, -0.000358, -0.001194, 0.000000]
rawIntrins: [720.5586936276926, 0.0, 638.2821742216654, 0.0, 722.4747616491345, 351.7413179250099, 0.0, 0.0, 1.0]
rectification: [1.0, 0.0, 0.0, 0.0, 1.0, 0.0, 0.0, 0.0, 1.0]
projection: [561.6519165039062, 0.0, 632.2440618323162, 0.0, 0.0, 674.2259521484375, 349.77336748164817, 0.0, 0.0, 0.0, 1.0, 0.0]

T: [  0.910395,  -0.372338,   0.180403,  -0.474605,
 -0.373695 , -0.927138, -0.0277116 , -0.405143,
  0.177576,  -0.042187 , -0.983202,    5,
         0          ,0          ,0          ,1]
